31570938
31450545
31415568
31303978
31265733
31264342
31257025
31249869
31147464
31109447
31037530
31009445
30888655
30881341
30849363
30833980
30819100
30661960
30642433
30414160
30414152
30340050
30228872
30205794
30103847
30088610
30071640
29963746
29939220
29733381
29688278
29433739
29433738
29415201
29339726
29282328
29242406
29234056
29143599
29136142
28977569
28975701
28951210
28945225
28894507
28869600
28826096
28722347
28615249
28545464
28526626
28430387
28228489
28206976
27936216
27936162
27816938
27815423
27771355
27694344
27621247
27529982
27329260
27181414
27071935
27037754
26694365
26683100
26643314
26639084
26539642
26476085
26424149
26303641
25993007
25913413
25832544
25808402
25798617
25758594
25553725
25541994
25470651
25446805
25415049
25344604
25329970
25208626
25199915
25077541
25068121
24809632
24804734
24747665
24669285
24589462
24489705
24466179
24350933
24158851
24123695
24014251
23974119
23891001
23834676
23801966
23792339
23770741
23652092
23607278
23601134
23299403
23283301
23241851
23222673
22929028
22820736
22714061
22588664
22549493
22493319
22474372
22459618
22187289
22090473
22015955
21967153
21939740
21909281
21725602
21713995
21708191
21652117
21631280
21452041
21423206
21418511
21216879
20884733
20881262
20868776
20849522
20733005
20592766
20370652
20335657
19793722
19652361
19553463
19489743
19415983
19404778
19383602
19380253
19268509
19196970
18826227
18781224
18765803
18403263
18342481
18192848
18055337
18045156
17711846
17671642
17301033
17190839
15855272
15308206
15184386
14976264
14656735
14602977
12820900
12424797
12048180
11884717
11278373
10880363
